# IR Spectrum
# X-Axis:  Frequency (cm-1)
# Y-Axis:  Epsilon
#                  X                   Y               DY/DX
     -500.0000000000        0.0000000000        0.0000000000
     -492.0000000000        0.0000000000        0.0000000000
     -484.0000000000        0.0000000000        0.0000000000
     -476.0000000000        0.0000000000        0.0000000000
     -468.0000000000        0.0000000000        0.0000000000
     -460.0000000000        0.0000000000        0.0000000000
     -452.0000000000        0.0000000000        0.0000000000
     -444.0000000000        0.0000000000        0.0000000000
     -436.0000000000        0.0000000000        0.0000000000
     -428.0000000000        0.0000000000        0.0000000000
     -420.0000000000        0.0000000000        0.0000000000
     -412.0000000000        0.0000000000        0.0000000000
     -404.0000000000        0.0000000000        0.0000000000
     -396.0000000000        0.0000000000        0.0000000000
     -388.0000000000        0.0000000000        0.0000000000
     -380.0000000000        0.0000000000        0.0000000000
     -372.0000000000        0.0000000000        0.0000000000
     -364.0000000000        0.0000000000        0.0000000000
     -356.0000000000        0.0000000000        0.0000000000
     -348.0000000000        0.0000000000        0.0000000000
     -340.0000000000        0.0000000000        0.0000000000
     -332.0000000000        0.0000000000        0.0000000000
     -324.0000000000        0.0000000000        0.0000000000
     -316.0000000000        0.0000000000        0.0000000000
     -308.0000000000        0.0000000000        0.0000000000
     -300.0000000000        0.0000000000        0.0000000000
     -292.0000000000        0.0000000000        0.0000000000
     -284.0000000000        0.0000000000        0.0000000000
     -276.0000000000        0.0000000000        0.0000000000
     -268.0000000000        0.0000000000        0.0000000000
     -260.0000000000        0.0000000000        0.0000000000
     -252.0000000000        0.0000000000        0.0000000000
     -244.0000000000        0.0000000000        0.0000000000
     -236.0000000000        0.0000000000        0.0000000000
     -228.0000000000        0.0000000000        0.0000000000
     -220.0000000000        0.0000000000        0.0000000000
     -212.0000000000        0.0000000000        0.0000000000
     -204.0000000000        0.0000000000        0.0000000000
     -196.0000000000        0.0000000000        0.0000000000
     -188.0000000000        0.0000000000        0.0000000000
     -180.0000000000        0.0000000000        0.0000000000
     -172.0000000000        0.0000000000        0.0000000000
     -164.0000000000        0.0000000000        0.0000000000
     -156.0000000000        0.0000000000        0.0000000000
     -148.0000000000        0.0000000000        0.0000000000
     -140.0000000000        0.0029516485        0.0000380233
     -132.0000000000        0.0070454288        0.0000934858
     -124.0000000000        0.0129455988        0.0001759090
     -116.0000000000        0.0214151680        0.0002972600
     -108.0000000000        0.0296887018        0.0004275203
     -100.0000000000        0.0424798205        0.0006299267
      -92.0000000000        0.0480110533        0.0007582137
      -84.0000000000        0.0569851489        0.0009539446
      -76.0000000000        0.0723003655        0.0012658965
      -68.0000000000        0.0898235227        0.0016619794
      -60.0000000000        0.1088369389        0.0021625076
      -52.0000000000        0.1285613449        0.0028073912
      -44.0000000000        0.1545506978        0.0037536128
      -36.0000000000        0.1899683577        0.0052124050
      -28.0000000000        0.2446187632        0.0076687326
      -20.0000000000        0.3214964589        0.0120133005
      -12.0000000000        0.4645853460        0.0212044275
       -4.0000000000        0.7174145379        0.0447265206
        4.0000000000        1.3731371243        0.1394865749
       12.0000000000        4.5052368133        0.8730871227
       20.0000000000        8.4875033968        0.6725026267
       28.0000000000        9.7964507050        0.7170529873
       36.0000000000       12.3868490006        1.0532416757
       44.0000000000       16.7864157267       -0.2563132988
       52.0000000000       16.8777323434        0.3843161933
       60.0000000000        5.4825000148       -0.5841516579
       68.0000000000        6.1192241563        0.5412888588
       76.0000000000        8.3222420955        1.2197583375
       84.0000000000       10.3416079196       -0.3262702300
       92.0000000000        9.6660409251       -1.2327016860
      100.0000000000        8.0827188049       -1.0796243795
      108.0000000000        2.7978203624       -0.1763331513
      116.0000000000        2.7025000917        0.1386842906
      124.0000000000        7.1164566130        1.0733484302
      132.0000000000        5.2943327393       -0.1566869442
      140.0000000000        9.3146895031        1.4264354506
      148.0000000000       36.4401194403        0.8563185526
      156.0000000000       35.3854849437        2.9895692755
      164.0000000000       13.4580583910       -2.0760188794
      172.0000000000       10.0611558078        0.9111660012
      180.0000000000       22.7300462729       -0.1507719940
      188.0000000000       14.2933801557        1.1338568673
      196.0000000000       20.6968337015       -3.8690631075
      204.0000000000        8.2828824729        0.0563393429
      212.0000000000       22.7721098124        5.0216458829
      220.0000000000       18.4694372278       -4.2646049705
      228.0000000000        4.9735501397       -0.4899483358
      236.0000000000        3.5554098283        0.0723690740
      244.0000000000        8.6311720818        1.6220178667
      252.0000000000        6.7544949057       -0.6803798131
      260.0000000000        5.3214956137       -0.5416782196
      268.0000000000        6.6263893807        1.1007682624
      276.0000000000        7.4079220200       -1.3488559482
      284.0000000000        4.0486064920        0.1467859503
      292.0000000000       10.1238246201        0.9192964784
      300.0000000000       23.7618036785        2.7593173549
      308.0000000000        7.9736981848       -1.2611044888
      316.0000000000        5.0293437811        0.1968982809
      324.0000000000       14.8115965506        3.3013081198
      332.0000000000       16.5622675155       -3.7538303749
      340.0000000000        5.7414175480       -0.0063180887
      348.0000000000        4.7371221613       -0.5047653641
      356.0000000000        4.8098983538        0.5566521903
      364.0000000000       15.1917478752       -0.7107837382
      372.0000000000       10.0239087293        0.4110132102
      380.0000000000        3.7814011040       -0.4319278107
      388.0000000000        2.7146053382        0.0525795946
      396.0000000000        5.0697327665        0.7401697361
      404.0000000000       17.8115907549       -0.2866536075
      412.0000000000       11.5455411142       -1.7237595776
      420.0000000000        9.7840268185        1.2986597817
      428.0000000000        7.1568781961       -0.8928043988
      436.0000000000        3.1519407147       -0.1375317539
      444.0000000000        3.2259419690        0.1417386650
      452.0000000000        6.9468891829        1.0930417059
      460.0000000000       19.2746476120        0.2269294329
      468.0000000000       10.1782376622        0.2136184377
      476.0000000000       26.4090442680        0.4234823827
      484.0000000000       10.5924687784       -0.4708432273
      492.0000000000       17.0209699664        2.6554886175
      500.0000000000       39.2649998051       -5.3309740990
      508.0000000000       24.8579090195        2.0058270707
      516.0000000000       72.0613480308        7.7561290922
      524.0000000000      115.5539585634      -21.8259897111
      532.0000000000       62.8116950031        5.0920146798
      540.0000000000       30.2775538958       -4.6823273063
      548.0000000000       14.5539678823       -0.1420879114
      556.0000000000       29.6370191403        5.4903517735
      564.0000000000       30.2228209639       -3.2097836549
      572.0000000000       52.9902497323        5.0721581873
      580.0000000000       18.5270486933       -2.4066731344
      588.0000000000       14.7258544189       -0.5204456012
      596.0000000000       12.8343042516        0.8254855714
      604.0000000000       39.0060960114        7.0787865127
      612.0000000000       76.8299178678      -14.7656385976
      620.0000000000       17.3785232179       -2.2680504771
      628.0000000000        8.2374249356       -0.4008408799
      636.0000000000        7.4286354280        0.1556564662
      644.0000000000       12.0387988492        1.2761778142
      652.0000000000       34.9753564419        5.2213247296
      660.0000000000       45.7544815067       -2.1278940809
      668.0000000000      119.5881118376       21.1641307453
      676.0000000000       68.0706983484       -6.3274959122
      684.0000000000       19.3963955607       -2.7413919667
      692.0000000000        9.1314043495       -0.5298600063
      700.0000000000        7.1143970386       -0.0325060426
      708.0000000000        8.5374132231        0.4443959783
      716.0000000000       17.7125702978        2.4603982464
      724.0000000000       85.2817499086       17.3380236951
      732.0000000000       46.1208616576       -8.1522405554
      740.0000000000       24.5166970778       -3.7682800810
      748.0000000000        8.9441373586       -0.5780504043
      756.0000000000        6.6464532378       -0.2185006598
      764.0000000000        7.2876266186        0.4416371015
      772.0000000000       20.9758419372        3.4559532515
      780.0000000000       12.0582258588       -1.3493973668
      788.0000000000        9.9214392303        0.4502838525
      796.0000000000       20.8719229800        1.0068249252
      804.0000000000       33.0364964139        2.9253277077
      812.0000000000       37.3670708163        3.9924843226
      820.0000000000       85.7087027429       -4.5987599085
      828.0000000000      114.8777646338        8.1806965821
      836.0000000000      257.3550258976       38.2470272095
      844.0000000000      216.1145587578      -21.9956156254
      852.0000000000      112.4487490350      -18.9735821622
      860.0000000000       36.8879172786       -1.7497584481
      868.0000000000       30.8347936338       -2.1026094040
      876.0000000000       15.9972860619       -2.0663345656
      884.0000000000        8.2397833471       -0.4143272754
      892.0000000000        6.2547825281       -0.1179691702
      900.0000000000        5.9558349195        0.0436649828
      908.0000000000        7.2006149536        0.2788935765
      916.0000000000       11.6427013489        0.9921777336
      924.0000000000       31.2755644193        5.3967119556
      932.0000000000      165.0358774223       16.8844757996
      940.0000000000       48.0069208484       -8.9532610002
      948.0000000000       16.3806933981       -1.1817700065
      956.0000000000       16.1917821590        0.8469467223
      964.0000000000       30.7154091559        4.5439918210
      972.0000000000       62.2163156735        0.2490513402
      980.0000000000       25.9611511115       -5.2921726145
      988.0000000000        8.2894120360       -0.7638307220
      996.0000000000        5.0343916125       -0.1775232270
     1004.0000000000        4.5861416216        0.1469899158
     1012.0000000000        9.2928687403        0.5898189678
     1020.0000000000        5.9469358785       -0.0970935691
     1028.0000000000        9.5162538853        1.1317191578
     1036.0000000000       30.6604845376        0.4056189030
     1044.0000000000       11.6269423418       -0.7119217156
     1052.0000000000       13.9995023538        1.2729242761
     1060.0000000000       49.5077549729       11.0955751448
     1068.0000000000       80.9237339413      -17.8897281275
     1076.0000000000       21.4634576301       -1.7579749484
     1084.0000000000       19.9500889328        1.1937157882
     1092.0000000000       60.5782753589       13.2203727038
     1100.0000000000       72.7215047666      -16.1530789864
     1108.0000000000       21.5404719033       -1.6099829931
     1116.0000000000       18.1110638621        0.4199261047
     1124.0000000000       30.3187370995        3.3468921248
     1132.0000000000      122.9198751357       28.0154924724
     1140.0000000000      106.3900254672      -15.9790970139
     1148.0000000000       56.1120014640       -7.9667276990
     1156.0000000000       32.7177888663        0.4375886104
     1164.0000000000       52.0200944573       -0.2723313501
     1172.0000000000       76.4046350399       10.5989031493
     1180.0000000000      288.5702466436       -2.0821719057
     1188.0000000000       95.8867039314       -6.3639719918
     1196.0000000000      136.7471110821       12.3587408058
     1204.0000000000      168.9296447323       16.6224553952
     1212.0000000000      704.3306343925      136.4673270649
     1220.0000000000      507.9722268205       -5.9919168862
     1228.0000000000      814.8626835591     -131.1282459357
     1236.0000000000      219.5658966407      -12.4975831520
     1244.0000000000      152.7211599790        2.8640584144
     1252.0000000000      137.4893868101      -23.6737406180
     1260.0000000000       55.6739839932       -3.1270627150
     1268.0000000000       45.0694027358       -0.1795069676
     1276.0000000000       49.8543382341        1.4135717870
     1284.0000000000       71.7861963815        4.6945537271
     1292.0000000000      156.9219287250       22.3301544704
     1300.0000000000      595.4825596981       20.9407926228
     1308.0000000000      634.3582238336       62.7692214279
     1316.0000000000      521.0450311584       33.5205285449
     1324.0000000000     1565.7455675653       26.0937940171
     1332.0000000000      458.6256269693      -68.9179280142
     1340.0000000000      365.6780597886       36.9936292352
     1348.0000000000      455.7839076007      -37.5793536213
     1356.0000000000      844.9477374732      179.7032934664
     1364.0000000000     1096.7004628149     -234.4023359150
     1372.0000000000      256.6318423573      -37.3769849113
     1380.0000000000      121.0555650495       -4.8374844842
     1388.0000000000      173.2614488825       15.5758605422
     1396.0000000000      100.3333752197       -4.3949309884
     1404.0000000000      194.0975791232       29.9662886966
     1412.0000000000      103.1262516521      -13.5354709837
     1420.0000000000       87.3792585374        8.2482155559
     1428.0000000000      175.0762532740      -24.5234330317
     1436.0000000000       54.2359716147       -4.2960474146
     1444.0000000000       43.4202187798        0.7270425438
     1452.0000000000       76.8270120100       10.1083864714
     1460.0000000000      138.1306947543      -22.9613597271
     1468.0000000000       49.5388378100       -2.7553172648
     1476.0000000000       43.1771768072        0.5421344298
     1484.0000000000       47.4063513875        0.9640434051
     1492.0000000000       61.7561388825        3.0428118068
     1500.0000000000      115.1820675662       10.6123969447
     1508.0000000000      153.9257370977        2.3798530778
     1516.0000000000      245.9533489537       24.9437012172
     1524.0000000000      802.7817508156      165.9272187041
     1532.0000000000     2301.1808139706     -366.9226210581
     1540.0000000000      708.8680749800      -20.5815016012
     1548.0000000000     1591.0768272380      324.0153485817
     1556.0000000000     1670.9981348165     -174.7605986241
     1564.0000000000     3345.1746135734      522.8737561118
     1572.0000000000     1177.2427350804     -245.9271986431
     1580.0000000000      372.4233999434      -29.6282847483
     1588.0000000000      239.4002838875      -26.0860921504
     1596.0000000000      142.5964140554       -1.0672745801
     1604.0000000000      164.9674775293      -14.7907710570
     1612.0000000000       96.6207893384       -1.2186858075
     1620.0000000000      126.9834429226       10.3192804396
     1628.0000000000      250.6285733468       14.6939965929
     1636.0000000000      708.2525563415       55.8196786972
     1644.0000000000      362.4163081591        0.7382420882
     1652.0000000000     1146.3551392345      241.2936674799
     1660.0000000000      615.0333804165     -119.9339779582
     1668.0000000000      259.1982452985       -0.8876615462
     1676.0000000000      124.2685327584      -18.3520278279
     1684.0000000000       54.3780632556       -3.9739671149
     1692.0000000000       32.3772258749       -1.6281151049
     1700.0000000000       22.8078338806       -0.8770961152
     1708.0000000000       17.2860181329       -0.5421575693
     1716.0000000000       12.3478073967       -0.3482542533
     1724.0000000000        9.9951160626       -0.2460180252
     1732.0000000000        6.1964207017       -0.1562723426
     1740.0000000000        5.1152901563       -0.1166247834
     1748.0000000000        4.2393251018       -0.0887385653
     1756.0000000000        3.6103301869       -0.0695576787
     1764.0000000000        3.0582313171       -0.0548916416
     1772.0000000000        2.6624970004       -0.0445267657
     1780.0000000000        2.3392598676       -0.0366271205
     1788.0000000000        2.0137422417       -0.0297814694
     1796.0000000000        1.7951516099       -0.0250488280
     1804.0000000000        1.2561811632       -0.0170382534
     1812.0000000000        1.1302264782       -0.0145386064
     1820.0000000000        0.1319557685       -0.0017471261
     1828.0000000000        0.0901916545       -0.0011468885
     1836.0000000000        0.0000000000        0.0000000000
     1844.0000000000        0.0000000000        0.0000000000
     1852.0000000000        0.0000000000        0.0000000000
     1860.0000000000        0.0000000000        0.0000000000
     1868.0000000000        0.0000000000        0.0000000000
     1876.0000000000        0.0000000000        0.0000000000
     1884.0000000000        0.0000000000        0.0000000000
     1892.0000000000        0.0000000000        0.0000000000
     1900.0000000000        0.0000000000        0.0000000000
     1908.0000000000        0.0000000000        0.0000000000
     1916.0000000000        0.0000000000        0.0000000000
     1924.0000000000        0.0000000000        0.0000000000
     1932.0000000000        0.0000000000        0.0000000000
     1940.0000000000        0.0000000000        0.0000000000
     1948.0000000000        0.0000000000        0.0000000000
     1956.0000000000        0.0000000000        0.0000000000
     1964.0000000000        0.0000000000        0.0000000000
     1972.0000000000        0.0000000000        0.0000000000
     1980.0000000000        0.0000000000        0.0000000000
     1988.0000000000        0.0000000000        0.0000000000
     1996.0000000000        0.0000000000        0.0000000000
     2004.0000000000        0.0000000000        0.0000000000
     2012.0000000000        0.0000000000        0.0000000000
     2020.0000000000        0.0000000000        0.0000000000
     2028.0000000000        0.0000000000        0.0000000000
     2036.0000000000        0.0000000000        0.0000000000
     2044.0000000000        0.0000000000        0.0000000000
     2052.0000000000        0.0000000000        0.0000000000
     2060.0000000000        0.0000000000        0.0000000000
     2068.0000000000        0.0000000000        0.0000000000
     2076.0000000000        0.0000000000        0.0000000000
     2084.0000000000        0.0000000000        0.0000000000
     2092.0000000000        0.0000000000        0.0000000000
     2100.0000000000        0.0000000000        0.0000000000
     2108.0000000000        0.0000000000        0.0000000000
     2116.0000000000        0.0000000000        0.0000000000
     2124.0000000000        0.0000000000        0.0000000000
     2132.0000000000        0.0000000000        0.0000000000
     2140.0000000000        0.0000000000        0.0000000000
     2148.0000000000        0.0000000000        0.0000000000
     2156.0000000000        0.0000000000        0.0000000000
     2164.0000000000        0.0000000000        0.0000000000
     2172.0000000000        0.0000000000        0.0000000000
     2180.0000000000        0.0501430761        0.0006496113
     2188.0000000000        0.3089712921        0.0039552177
     2196.0000000000        0.3432229383        0.0046314201
     2204.0000000000        0.3835088613        0.0054711704
     2212.0000000000        0.4313363399        0.0065271338
     2220.0000000000        0.4887152020        0.0078737472
     2228.0000000000        0.5583735713        0.0096185108
     2236.0000000000        0.6440902142        0.0119205184
     2244.0000000000        0.7512217100        0.0150219146
     2252.0000000000        0.8875673090        0.0193034210
     2260.0000000000        1.0648445717        0.0253869152
     2268.0000000000        1.3013266200        0.0343354399
     2276.0000000000        1.6268256644        0.0480694414
     2284.0000000000        2.0927785424        0.0703056447
     2292.0000000000        2.7945088421        0.1089037976
     2300.0000000000        3.9263233812        0.1825907381
     2308.0000000000        5.9414761320        0.3443244192
     2316.0000000000       10.1442750241        0.7905591518
     2324.0000000000       22.0245278296        2.7124263033
     2332.0000000000       84.5800401956       15.7337549700
     2340.0000000000      134.1113591208       18.7446680838
     2348.0000000000      353.6485972281      -58.4015230584
     2356.0000000000       62.1753230847      -10.8865139417
     2364.0000000000       21.0420790134       -2.2272469694
     2372.0000000000       10.3700120351       -0.7733629667
     2380.0000000000        6.1525391003       -0.3532440882
     2388.0000000000        4.0697457513       -0.1898487967
     2396.0000000000        2.8908518065       -0.1135540327
     2404.0000000000        2.1592963845       -0.0732513586
     2412.0000000000        1.6742483405       -0.0499836641
     2420.0000000000        1.3361566688       -0.0356195319
     2428.0000000000        1.0911033410       -0.0262751425
     2436.0000000000        0.9078176423       -0.0199351210
     2444.0000000000        0.7671477666       -0.0154823746
     2452.0000000000        0.6568308199       -0.0122635296
     2460.0000000000        0.5687189836       -0.0098789797
     2468.0000000000        0.4972266622       -0.0080749272
     2476.0000000000        0.4384207920       -0.0066848884
     2484.0000000000        0.3894668990       -0.0055965574
     2492.0000000000        0.3482803295       -0.0047322986
     2500.0000000000        0.2698426487       -0.0035131250
     2508.0000000000        0.0000000000        0.0000000000
     2516.0000000000        0.0000000000        0.0000000000
     2524.0000000000        0.0000000000        0.0000000000
     2532.0000000000        0.0000000000        0.0000000000
     2540.0000000000        0.0000000000        0.0000000000
     2548.0000000000        0.0000000000        0.0000000000
     2556.0000000000        0.0000000000        0.0000000000
     2564.0000000000        0.0000000000        0.0000000000
     2572.0000000000        0.0000000000        0.0000000000
     2580.0000000000        0.0000000000        0.0000000000
     2588.0000000000        0.0000000000        0.0000000000
     2596.0000000000        0.0000000000        0.0000000000
     2604.0000000000        0.0000000000        0.0000000000
     2612.0000000000        0.0000000000        0.0000000000
     2620.0000000000        0.0000000000        0.0000000000
     2628.0000000000        0.0000000000        0.0000000000
     2636.0000000000        0.0000000000        0.0000000000
     2644.0000000000        0.0000000000        0.0000000000
     2652.0000000000        0.0000000000        0.0000000000
     2660.0000000000        0.0000000000        0.0000000000
     2668.0000000000        0.0000000000        0.0000000000
     2676.0000000000        0.0000000000        0.0000000000
     2684.0000000000        0.0000000000        0.0000000000
     2692.0000000000        0.0000000000        0.0000000000
     2700.0000000000        0.0000000000        0.0000000000
     2708.0000000000        0.0000000000        0.0000000000
     2716.0000000000        0.0000000000        0.0000000000
     2724.0000000000        0.0000000000        0.0000000000
     2732.0000000000        0.0000000000        0.0000000000
     2740.0000000000        0.0000000000        0.0000000000
     2748.0000000000        0.0000000000        0.0000000000
     2756.0000000000        0.0000000000        0.0000000000
     2764.0000000000        0.0000000000        0.0000000000
     2772.0000000000        0.0000000000        0.0000000000
     2780.0000000000        0.0000000000        0.0000000000
     2788.0000000000        0.0000000000        0.0000000000
     2796.0000000000        0.0000000000        0.0000000000
     2804.0000000000        0.0000000000        0.0000000000
     2812.0000000000        0.0000000000        0.0000000000
     2820.0000000000        0.0000000000        0.0000000000
     2828.0000000000        0.0000000000        0.0000000000
     2836.0000000000        0.0000000000        0.0000000000
     2844.0000000000        0.0000000000        0.0000000000
     2852.0000000000        0.0000000000        0.0000000000
     2860.0000000000        0.0000000000        0.0000000000
     2868.0000000000        0.0000000000        0.0000000000
     2876.0000000000        0.0000000000        0.0000000000
     2884.0000000000        0.2161169346        0.0028234702
     2892.0000000000        0.2406067687        0.0033166170
     2900.0000000000        0.2695066972        0.0039315925
     2908.0000000000        0.3039424703        0.0047084515
     2916.0000000000        0.3454232406        0.0057041440
     2924.0000000000        0.3960095606        0.0070014448
     2932.0000000000        0.4585739361        0.0087237088
     2940.0000000000        0.6334278149        0.0122835411
     2948.0000000000        0.7447551078        0.0157412478
     2956.0000000000        0.8891439345        0.0206564516
     2964.0000000000        1.0813996474        0.0278967144
     2972.0000000000        1.4116738717        0.0398931994
     2980.0000000000        1.7975959819        0.0581393236
     2988.0000000000        2.3771264537        0.0898518255
     2996.0000000000        3.3100073840        0.1503506536
     3004.0000000000        4.9648497945        0.2817342030
     3012.0000000000        8.3578006131        0.6275112839
     3020.0000000000       17.4008711827        1.8744400635
     3028.0000000000       53.4315975950        9.7930279117
     3036.0000000000      297.8599424751       33.3257092185
     3044.0000000000       79.3235561974      -16.7455124786
     3052.0000000000       22.8998152364       -2.5476646622
     3060.0000000000       11.9034736632       -0.6727774058
     3068.0000000000        9.0591089636       -0.1163850156
     3076.0000000000        9.8152388351        0.3393258773
     3084.0000000000       16.6132168192        1.7074812957
     3092.0000000000       59.6689832215       13.4875330534
     3100.0000000000      104.0903634752      -23.1955906745
     3108.0000000000       25.1589556783       -2.3851030075
     3116.0000000000       23.2815072797        1.8601943166
     3124.0000000000       88.4732102373       14.7940155791
     3132.0000000000       34.1140805141       -6.3779142243
     3140.0000000000       13.7247238858       -0.7562992208
     3148.0000000000       11.8746601410        0.1502073870
     3156.0000000000       15.9465644064        0.9599563521
     3164.0000000000       31.9171821217        3.7680901223
     3172.0000000000      119.5821025820       24.8165106561
     3180.0000000000      303.1990919731      -44.3037776128
     3188.0000000000      114.2768078941      -17.1126266805
     3196.0000000000       49.0616157877       -4.0799795314
     3204.0000000000       59.1246904688        9.0909216068
     3212.0000000000       82.5344897281       -5.2474012926
     3220.0000000000       83.3062273257       -2.6177256078
     3228.0000000000       23.6744391699       -3.6507917476
     3236.0000000000       11.8958133176       -0.0681633659
     3244.0000000000        8.3307840013       -1.0717127879
     3252.0000000000        4.1387322617       -0.2436874875
     3260.0000000000        2.7372788721       -0.1114433963
     3268.0000000000        2.0496080172       -0.0665514864
     3276.0000000000        1.6142666660       -0.0444988561
     3284.0000000000        1.3134201418       -0.0317537668
     3292.0000000000        1.0376195185       -0.0229954932
     3300.0000000000        0.8764162856       -0.0176367424
     3308.0000000000        0.7512211058       -0.0138710535
     3316.0000000000        0.6517593176       -0.0111326625
     3324.0000000000        0.5712645580       -0.0090860160
     3332.0000000000        0.5051036801       -0.0075214881
     3340.0000000000        0.2400938692       -0.0037118319
     3348.0000000000        0.1729847381       -0.0026009555
     3356.0000000000        0.1456984258       -0.0020797190
     3364.0000000000        0.1303881707       -0.0017597577
     3372.0000000000        0.0673678885       -0.0008912229
     3380.0000000000        0.0335644029       -0.0004304729
     3388.0000000000        0.0043347063       -0.0000586098
     3396.0000000000        0.0039012895       -0.0000500448
     3404.0000000000        0.0000000000        0.0000000000
     3412.0000000000        0.0000000000        0.0000000000
     3420.0000000000        0.0000000000        0.0000000000
     3428.0000000000        0.0000000000        0.0000000000
     3436.0000000000        0.0000000000        0.0000000000
     3444.0000000000        0.0000000000        0.0000000000
     3452.0000000000        0.0000000000        0.0000000000
     3460.0000000000        0.0000000000        0.0000000000
     3468.0000000000        0.0000000000        0.0000000000
     3476.0000000000        0.0000000000        0.0000000000
     3484.0000000000        0.0000000000        0.0000000000
     3492.0000000000        0.0000000000        0.0000000000
